808 373553333073733.

Plautus Plautus
Persa Pseudulus
1777, 53.. (730) 575 ‘· 1, 3, 77 (355) 535
V, 1, 3(735) 775 33 (357) 357

3, 75 (353) 355 35 (330) 375 5. 333
Ρο355751755494 (377) 447
prul. 57 ff. P. 211 s, 533 (357) 355. 5575.
33 ff. Ρ. 333 s. 550 (335) 373 5 753
³11. P. 229 4, 4(397) 180
55 Ρ. 305 5, 7(535) 573,
57 Ρ. 350 33 (537) P. 375
79 260 118 (532) 488. 515
505 553 555 (557) Ρ. 375
Ι, 2, 33 699 Π, 1, ubas) fl'. 279 f. ⁷681.
33 550. 555 7, 79 (575) 557

33 ff. 335 5. 330 f. 53 (744 479
503 553 53 (553) 705

533 355 53 (355) 533

11, ,7 553 5, 4, 355. (535 ..) 575
35 353 3503) 573

111, 1, 33 503 49 (799) 535
3, 35 573 33 (753) 530

3, 55 557 55 (735) 733

33 753. 735 74 (744) 777

,5, 3 555 111, 1, 7357) 353
3 333. 553 3, 53 (303) 573 5.

lv, 1, 1 5735. 77 (943) 499
3, 53 535 79 (977) 777

V, 5, ι 733. P. 373 Ι44, 4, 44 (974) 7794.
3, 57 535 5. 47 (977) 755

27 453 3, 55 (5053) 353

49 330 4, 47 (4974) 533

93 454 3, 33 (5005) ff. 5337005.

553 353 35 (5033) 577

5, 5 333 7, 75 (5537) 5. 3533

u, 3 175 73 (5553) 337

Punica 7335. · 99 (4497) 533

pseudulus, 353335 353. 355. 373 447 (4947) 749

1, 1, 35. 35. 33. 35 570 V, 4, 94 (4779) 749

35 757, 542 33 (5373) 355

33 570 5. 9, 7 (4997) 754

3, 55 (557) 537 53-33(5335-5335)Ρ.335
(5 ((48) 355 Ruduuu

35 (535) 555 5. prol. 33 , 530

55 (330) 353 73 553

35 (335) 573 1, 1, 4 (35) Ρ. 373

3, 53 (333) 533 3, 35 (357) 330

 

