002 1111111110111111.

1101116111ΠΙ,160 450 Nonius p. 140, 8 P. 170 ff.

881 453. 459 150, 12 Ρ. 393

11, 111 111 111, 11. Ρ.11

1186. 1252 550 152, 26 Ρ. 133

V, 295 480. 517 157,10 P. 28

571 158. 153 159, 18 ’ 621

111. 111 242 111, 1 Ρ.11.1111.

917 4311. 182, 31 430

VI, 111 111 110, 11 111

868 600. 606 ff. 102, 10 656
Μ11115111811.Ι, 11,5 P.XXIII. 198, 31 617 ·

Ι XXVI 20011 P. 132

11, 1111 (1111111. 111, 1 Ρ. 1111.

11111111.) 14000 210, 20 P. 134

11, 1, 11. 1, 11. Ρ. 10. 111, 11 Ρ. 111
1, 11 11111. 1111 Ρ. 111

1, 11 110 111, 11 1111.
Marius: 1. Victorinus , 227, 15
Martialis Ι, 49, 7 Ρ. 6 228, 13 “
111, 00, 1 111 111, 1ο

Menander, Alc ἐξαπατῶν 342. PM 231, 13 .

Naevius Com. v. 20 (Ribbeck) P. 90 215, 30
11 111 111, 11
111 Ρ. 01 111, 11
Epitaphium P. 22 280, 5
Nonius p. 116 656 306, 28
1, 20 Ρ. 111 111, 11
1, 10 111 11111
9,18 Ρ. 179 831, 6

11, 10 111 111, 11 020

20, 81 683 376, 71. 215

11, 11 Ρ. 111 111, 11 1111.

11, 1 Ρ. 111 11111 1111.

73, 32 255 148, 15 Ρ. XII

11, 11 Ρ. 110 111, 11 Ρ. 111

102, 1 111 111, 00 Ρ. 111

106, 28 Ρ. 135 471, 82 831 ff. 868 ff.

108, 7 Ρ. 112 186,.31 183

11 Ρ. 1111. 111, 1 111

109, 22 656 510, 27 550

111, 11 Ρ. 131 111, 1 Ρ. 111

127, 31 198 515, 20 Ρ. 101

183, 8 Ρ. 197 551, 6 P. 132

134, 28. 32 1215511391. 57011111127011551111) 656

111, 11 111 Pacuvius v. 244. 111 (Ribbeck) 400

116,18 688 810 621

111, 11 Ρ. 111 Petronius 111 1111111181) 110

 

