STELLENBEGISTER.

Plautus Plautus
Mostellaria Mostellaria

1, 4, 21 (554) 555 IV, 5, 55-55(555-555)Ρ.444)).
55 (555) 555. 555 55 (555) 545
55 (555) 544. 555 5555 (545-545) 54455.
55 (555) 545 54-55 (545-554) Ρ. 445
. 55 (545) 555 55-45555-55554555.
55 (555) 454 45 (555) · 334
3, 13 (133) 555 55 (555) 545
0 55 (555) 455 55 (555) 455
555 (555) fl. 555 ff. 55-55(555-555)Ρ.4555.

132 (290) 646 3, 24-23 (1016—1023)
143 (907) 968 P. 464 f.

11, 1, 54. 55 (455) Ρ. 455 55-55 (5555-4555)
68 (416) 699 Ρ. 466. 469 ff.

55 (455) Ρ. 455 554-45 (5555-5555)
5, 55 (445) 555 Ρ. 455 ff.
55 (455) 454 45. 45 (5555 5.) Ρ. 455

45 (455) 555 V, 1, 55. 54 (5555-5555)
55 (555) 545 154455.
111, 5, 55 (555) 454 55 (5554) Ρ. 455
55-55 (545-555) 154555. 55 (5555) P. 4545.
45-55 (555-555) Ρ. 4555. 55 (5555) 455
55-55 (555-555) 15455). 5, 55 (5555) 554
’11 (741) · P. 454 arg. metr. 5 . 416 s.
55 (555) Ρ. 455 5 Ρ. 455
84 (619) 680 Persa, 1411514555 966
55-555(555-555) 154555. Ι, 5, 55 (55) 303
101. 103. 121 ff. 38 (37) 265
(555 5. 555) Ρ. 455 ff. 5, 55 (555) 555
5, 55-55 (555-545) 155555. 55 (555) 555
55-54 (555-555) 454555. 11, 5, 55 (555) 555
45 (555) 555 5. 5, 55 (555) 554. 555
45-55 (555-545) Ρ. 455). 151, 5, 55 (555) 555
55 (545) 555 5. 5, 55 (455) 555
,83 (170) Ρ. 6 99 (498) 809
55 (555) 455 5 lv, 1, 4 (455) 555
554 (555) 5 555 5 (454) 555
555 (555) 555 4, 55 (555) ’ 555
5555 555-555 (545-555) · 33 (555) 555
Rmffi mm) ml
545 5. (555-554) Ρ. 455 55 (5555. 555
555 (555) 555 55 (545) 555
5, 55 (554) 555 5, 55555) , 555
28 (932) Ρ. 443 6, 2(684) 6611.
IV. 1, 5(555) ff. 555 55 (555) 555. 555
5, 5-55(555-555) 5555)). 5, 5555) 555

’ o

 

