STELLENREGISTEB. “

Plautus Plautus
Casina, arg. 2223431 4184 Epidicus .
Cistellaria, Lfloken u. 8233223283 ΙΠ, 4, 88 887
243. 433. P. 174ff. IV, 2, 23 243
1, 1, 2. 32. 23. 233. 224 434 V, 2, 23 333
2, 8-18 Ρ. 987 Menaechmi
8, 23 342 323122 434
33 423 1, 1, 10 (88) 423
42 ff. Ρ. 232 2, 2(223) , 323
44, 2, 44 232 3(222) 343. 332
434 P. 232 3, 23 (222) 333
43 343 11,1‚ 3(234) 323
w, 2, 32 4. 233 2, 34 (323) 233
32 333 32 (342) . 343
79 686 3, 27. 85 (388. 388) 588
Curculio 84 (408) P. 4284.
1, 2, 23. 33 (233. 223) 242 33 (423)4. 433 f.
14, 2, 24. 234. (2224 2424.) 4122, 2(322) ff. 223
224 ff. 3, 3(322) 432·
32344. 22 (3334. P. 541 .
324 9, 2, 3333) 3334. 333
515. 587 37 (788) 248
32344. · 44 (233) 333
333 43 (233) 434
lv, 1 (43214.) 333 33 (333) 3444
2, 22. 22 (422. 433) Ρ. 232 33 (342) 3334.
23 (424) 334 232 (334) 423. 432
323 (343) P. 381 s. 233 (333) 232 -
v,‚1 2(332) 2424. 3,23 (32344. 22344. 232
3, 34 (222) 32344. 24(828)f. 223
33( 334 ΞΞ323 333

)

) .
8404. 980.)8 277
2484. 847
47 2814. 488 7, 8818 (992. 9981002)
. 249 485
2, 10 891 f. 17 (1008) 844
23 333 3, 33332) 433
43 324 3, 23 (2333) ff. 33314. 323.
11, 2, 14 484 878880
88 Ρ. 392 81 (1090) 840
89 ff. 280 48 (1108) 407
144, 2, 23 4. 232 33 (2222) 343. 332
2, 3 323 33 (2233) 333
8, 81 201“ arg. 222382. 2. 8 4184.
4, 488. 281 Mercator, 4241314322 287
, 334. 423 p104=1‚ 2, 2-23 P.15ff.

 

